-29.000000 -0.048432
-28.000000 -0.286002
-27.000000 -0.271479
-26.000000 -0.329047
-25.000000 -0.209806
-24.000000 -0.181359
-23.000000 0.127546
-22.000000 0.206043
-21.000000 0.157368
-20.000000 0.400337
-19.000000 0.761126
-18.000000 0.803693
-17.000000 0.782851
-16.000000 0.995782
-15.000000 1.257989
-14.000000 1.308373
-13.000000 1.387088
-12.000000 1.552498
-11.000000 1.811287
-10.000000 2.277342
-9.000000 2.435604
-8.000000 2.522739
-7.000000 2.700760
-6.000000 2.731759
-5.000000 2.972696
-4.000000 3.143604
-3.000000 3.161537
-2.000000 3.559217
-1.000000 3.888516
0.000000 5.382177
1.000000 6.017050
2.000000 6.107948
3.000000 6.603474
4.000000 6.823889
5.000000 6.987041
6.000000 7.209075
7.000000 7.602228
8.000000 8.026096
9.000000 8.189455
10.000000 8.387965
11.000000 8.800690
12.000000 9.583197
13.000000 10.039943
14.000000 10.400481
15.000000 10.543982
16.000000 10.636399
17.000000 10.714788
18.000000 10.758940
19.000000 10.932296
20.000000 11.158918
21.000000 10.982466
22.000000 11.022457
23.000000 11.435288
24.000000 11.986759
25.000000 12.112274
26.000000 12.184902
27.000000 12.228353
28.000000 12.405850
29.000000 12.796954
30.000000 12.861414
